transform:
 - rotation:
   0.005592, 0.974080, 0.226135
   0.999908, -0.008238, 0.010759
   0.012343, 0.226054, -0.974037
 - position:
   0.604258, -0.300507, 0.214509

transform:
 - rotation:
   0.004972, 0.974685, 0.223528
   0.999857, -0.008463, 0.014662
   0.016182, 0.223423, -0.974587
 - position:
   0.662472, -0.317109, 0.159749

transform:
 - rotation:
   0.005585, 0.974805, 0.222989
   0.999876, -0.008726, 0.013104
   0.014720, 0.222888, -0.974733
 - position:
   0.667656, -0.189457, 0.160024

transform:
 - rotation:
   0.006748, 0.975239, 0.221052
   0.999873, -0.009767, 0.012566
   0.014414, 0.220939, -0.975181
 - position:
   0.672464, -0.068270, 0.160079

transform:
 - rotation:
   0.006122, 0.975879, 0.218226
   0.999900, -0.008763, 0.011137
   0.012781, 0.218136, -0.975835
 - position:
   0.678603, 0.088061, 0.159328

transform:
 - rotation:
   0.006426, 0.975846, 0.218365
   0.999898, -0.009049, 0.011014
   0.012724, 0.218272, -0.975805
 - position:
   0.684082, 0.248986, 0.159401

transform:
 - rotation:
   0.006469, 0.975945, 0.217921
   0.999899, -0.009072, 0.010947
   0.012661, 0.217829, -0.975905
 - position:
   0.622935, 0.269815, 0.222342

